0,6933	0,7978	0,8578	0,8511	0,8711	0,8711	0,8911	0,8889	0,9089
0,6867	0,6933	0,7622	0,8311	0,8844	0,8978	0,9067	0,92	0,9244
0,7	0,7867	0,8578	0,8667	0,8756	0,8867	0,9022	0,9133	0,9133
0,74	0,7756	0,8511	0,8733	0,8956	0,9067	0,9089	0,9133	0,92
0,5489	0,5467	0,7467	0,7689	0,8044	0,8356	0,8489	0,8511	0,8822
0,6467	0,7067	0,74	0,8267	0,8556	0,8644	0,8778	0,8756	0,8778
0,72	0,7933	0,8689	0,92	0,9244	0,9022	0,9111	0,9089	0,9089
0,5356	0,5578	0,68	0,6889	0,8156	0,8356	0,8467	0,8689	0,8489
0,6578	0,7267	0,7333	0,74	0,8311	0,8578	0,8822	0,8733	0,8978
0,74	0,8089	0,8289	0,8733	0,8933	0,8933	0,9	0,9178	0,9267

2022-01-09 20:58:15

        Sistema:
            - Número de positivos (creación SVM): 25
            - Número de negativos (creación SVM): 100
            - Umbral de actualización: inf
            - Función de FDR: percentil
            - Percentil de FDR: 0.16
            - Función de SDR: mediana
            - Percentil de SDR: 0.25
            - Tamaño máximo de comité: 18
            